20 1 1024
1000020 1000040 1000060 1000080 1000100 1000120 1000140 1000160 1000180 1000200 1000220 1000240 1000260 1000280 1000300 1000320 1000340 1000360 1000380 1000400
0 90920

19 1 1024
1000020 1000060 1000080 1000100 1000120 1000140 1000160 1000180 1000200 1000220 1000240 1000260 1000280 1000300 1000320 1000340 1000360 1000380 1000400
1000040 90920

19 1 1024
1000020 1000040 1000060 1000080 1000100 1000140 1000160 1000180 1000200 1000220 1000240 1000260 1000280 1000300 1000320 1000340 1000360 1000380 1000400 
1000120 90920

19 1 1024
1000020 1000040 1000060 1000080 1000100 1000120 1000140 1000160 1000180 1000200 1000220 1000240 1000260 1000280 1000300 1000320 1000340 1000360 1000380 
1000400 90920